Fitting method: Bayesian, MCMC
Solver: Symbolic

[Fixed Variables]

[Fit Variables]
          mean      sd   hdi_3%  hdi_97%   median     mode
R1a     0.3027  0.0408   0.2324   0.3845   0.3018   0.3005
R1b     4.2130  1.4702   1.5019   6.9668   4.2035   4.2888
R2a     0.6523  0.0802   0.4951   0.7958   0.6496   0.6412
R2b    77.0946  9.3912  59.5633  94.4808  77.3028  76.5077
dwa    -0.0072  0.0038  -0.0141  -0.0000  -0.0072  -0.0073
dwb     3.4982  0.0091   3.4799   3.5137   3.4984   3.4990
fb      0.0063  0.0010   0.0044   0.0081   0.0062   0.0064
kb     31.9652  5.4523  22.4505  42.2078  31.7049  31.1855
sigma   0.0210  0.0010   0.0190   0.0229   0.0209   0.0210
[Fit Diagnostics]
       mcse_mean  mcse_sd   ess_bulk   ess_tail   r_hat
R1a       0.0010   0.0007  1800.4839  2105.0687  1.0016
R1b       0.0259   0.0184  3190.0249  1781.0527  1.0005
R2a       0.0019   0.0013  1814.8887  2147.0091  1.0015
R2b       0.1982   0.1431  2178.6053  1880.7154  1.0016
dwa       0.0001   0.0000  4846.9868  2568.9305  1.0005
dwb       0.0001   0.0001  3756.4970  2753.1861  1.0010
fb        0.0000   0.0000  1925.7912  2249.3982  1.0008
kb        0.1226   0.0868  1984.8306  2440.5877  1.0001
sigma     0.0000   0.0000  4134.4224  2836.0633  1.0010